DFS Algorithm:
States: 30
Time: 0.28 seconds
Memory: 80.42 KB

[[2 0 0 0 3]
 [0 0 0 1 0]
 [4 0 0 0 1]
 [0 3 0 0 0]
 [0 0 0 0 4]]

[[2 0 0 4 3]
 [0 0 0 1 0]
 [4 0 0 0 1]
 [0 3 0 0 0]
 [0 0 0 0 4]]

[[2 1 0 4 3]
 [0 0 0 1 0]
 [4 0 0 0 1]
 [0 3 0 0 0]
 [0 0 0 0 4]]

[[2 1 5 4 3]
 [0 0 0 1 0]
 [4 0 0 0 1]
 [0 3 0 0 0]
 [0 0 0 0 4]]

[[2 1 5 4 3]
 [3 0 0 1 0]
 [4 0 0 0 1]
 [0 3 0 0 0]
 [0 0 0 0 4]]

[[2 1 5 4 3]
 [3 4 0 1 0]
 [4 0 0 0 1]
 [0 3 0 0 0]
 [0 0 0 0 4]]

[[2 1 5 4 3]
 [3 4 2 1 0]
 [4 0 0 0 1]
 [0 3 0 0 0]
 [0 0 0 0 4]]

[[2 1 5 4 3]
 [3 4 2 1 5]
 [4 0 0 0 1]
 [0 3 0 0 0]
 [0 0 0 0 4]]

[[2 1 5 4 3]
 [3 4 2 1 5]
 [4 0 3 0 1]
 [0 3 0 0 0]
 [0 0 0 0 4]]

[[2 1 5 4 3]
 [3 4 2 1 5]
 [4 0 3 5 1]
 [0 3 0 0 0]
 [0 0 0 0 4]]

[[2 1 5 4 3]
 [3 4 2 1 5]
 [4 2 3 5 1]
 [0 3 0 0 0]
 [0 0 0 0 4]]

[[2 1 5 4 3]
 [3 4 2 1 5]
 [4 2 3 5 1]
 [0 3 4 0 0]
 [0 0 0 0 4]]

[[2 1 5 4 3]
 [3 4 2 1 5]
 [4 2 3 5 1]
 [0 3 4 2 0]
 [0 0 0 0 4]]

[[2 5 0 4 3]
 [0 0 0 1 0]
 [4 0 0 0 1]
 [0 3 0 0 0]
 [0 0 0 0 4]]

[[2 5 1 4 3]
 [0 0 0 1 0]
 [4 0 0 0 1]
 [0 3 0 0 0]
 [0 0 0 0 4]]

[[2 5 1 4 3]
 [3 0 0 1 0]
 [4 0 0 0 1]
 [0 3 0 0 0]
 [0 0 0 0 4]]

[[2 5 1 4 3]
 [3 4 0 1 0]
 [4 0 0 0 1]
 [0 3 0 0 0]
 [0 0 0 0 4]]

[[2 5 1 4 3]
 [3 4 0 1 0]
 [4 2 0 0 1]
 [0 3 0 0 0]
 [0 0 0 0 4]]

[[2 5 1 4 3]
 [3 4 0 1 0]
 [4 2 0 0 1]
 [0 3 0 0 0]
 [0 1 0 0 4]]

[[2 5 1 4 3]
 [3 4 0 1 0]
 [4 2 0 0 1]
 [0 3 0 0 0]
 [5 1 0 0 4]]

[[2 5 1 4 3]
 [3 4 0 1 0]
 [4 2 0 0 1]
 [1 3 0 0 0]
 [5 1 0 0 4]]

[[2 5 1 4 3]
 [3 4 2 1 0]
 [4 2 0 0 1]
 [1 3 0 0 0]
 [5 1 0 0 4]]

[[2 5 1 4 3]
 [3 4 2 1 5]
 [4 2 0 0 1]
 [1 3 0 0 0]
 [5 1 0 0 4]]

[[2 5 1 4 3]
 [3 4 2 1 5]
 [4 2 0 0 1]
 [1 3 0 0 2]
 [5 1 0 0 4]]

[[2 5 1 4 3]
 [3 4 2 1 5]
 [4 2 0 0 1]
 [1 3 0 5 2]
 [5 1 0 0 4]]

[[2 5 1 4 3]
 [3 4 2 1 5]
 [4 2 0 3 1]
 [1 3 0 5 2]
 [5 1 0 0 4]]

[[2 5 1 4 3]
 [3 4 2 1 5]
 [4 2 5 3 1]
 [1 3 0 5 2]
 [5 1 0 0 4]]

[[2 5 1 4 3]
 [3 4 2 1 5]
 [4 2 5 3 1]
 [1 3 4 5 2]
 [5 1 0 0 4]]

[[2 5 1 4 3]
 [3 4 2 1 5]
 [4 2 5 3 1]
 [1 3 4 5 2]
 [5 1 3 0 4]]

[[2 5 1 4 3]
 [3 4 2 1 5]
 [4 2 5 3 1]
 [1 3 4 5 2]
 [5 1 3 2 4]]

